   arc_length_s    gamma_x(s)      gamma_y(s)      gamma_z(s)
0.000000e+00 -2.060828e+01 4.014758e+01 2.606630e-02
1.659049e+00 -2.220014e+01 4.049118e+01 3.428697e-01
3.400246e+00 -2.378046e+01 4.077066e+01 1.018331e+00
5.288087e+00 -2.534672e+01 4.098604e+01 2.050020e+00
7.371435e+00 -2.689636e+01 4.113750e+01 3.434222e+00
9.684246e+00 -2.842688e+01 4.122522e+01 5.165958e+00
1.224839e+01 -2.993578e+01 4.124958e+01 7.238993e+00
1.507668e+01 -3.142060e+01 4.121102e+01 9.645868e+00
1.817521e+01 -3.287888e+01 4.111004e+01 1.237792e+01
2.154510e+01 -3.430822e+01 4.094730e+01 1.542532e+01
2.518363e+01 -3.570624e+01 4.072352e+01 1.877709e+01
2.908512e+01 -3.707064e+01 4.043956e+01 2.242118e+01
3.324142e+01 -3.839910e+01 4.009630e+01 2.634447e+01
3.764238e+01 -3.968938e+01 3.969478e+01 3.053284e+01
4.227617e+01 -4.093932e+01 3.923610e+01 3.497122e+01
4.712944e+01 -4.214678e+01 3.872146e+01 3.964363e+01
5.218758e+01 -4.330968e+01 3.815214e+01 4.453325e+01
5.743490e+01 -4.442602e+01 3.752952e+01 4.962250e+01
6.285467e+01 -4.549384e+01 3.685502e+01 5.489305e+01
6.842933e+01 -4.651128e+01 3.613018e+01 6.032594e+01
7.414057e+01 -4.747652e+01 3.535662e+01 6.590162e+01
7.996943e+01 -4.838784e+01 3.453600e+01 7.160001e+01
8.589640e+01 -4.924360e+01 3.367008e+01 7.740060e+01
9.190156e+01 -5.004218e+01 3.276070e+01 8.328254e+01
9.796460e+01 -5.078216e+01 3.180970e+01 8.922463e+01
1.040650e+02 -5.146208e+01 3.081906e+01 9.520551e+01
1.101819e+02 -5.208064e+01 2.979080e+01 1.012036e+02
1.162947e+02 -5.263662e+01 2.872694e+01 1.071974e+02
1.223826e+02 -5.312888e+01 2.762962e+01 1.131653e+02
1.284250e+02 -5.355636e+01 2.650102e+01 1.190859e+02
1.344011e+02 -5.391816e+01 2.534330e+01 1.249377e+02
1.402911e+02 -5.421338e+01 2.415876e+01 1.306998e+02
1.460751e+02 -5.444130e+01 2.294964e+01 1.363514e+02
1.517337e+02 -5.460128e+01 2.171830e+01 1.418721e+02
1.572484e+02 -5.469274e+01 2.046706e+01 1.472422e+02
1.626011e+02 -5.471524e+01 1.919830e+01 1.524423e+02
1.677745e+02 -5.466846e+01 1.791444e+01 1.574536e+02
1.727522e+02 -5.455212e+01 1.661787e+01 1.622581e+02
1.775191e+02 -5.436612e+01 1.531103e+01 1.668386e+02
1.820610e+02 -5.411042e+01 1.399637e+01 1.711785e+02
1.863652e+02 -5.378506e+01 1.267631e+01 1.752623e+02
1.904203e+02 -5.339026e+01 1.135332e+01 1.790752e+02
1.942171e+02 -5.292628e+01 1.002984e+01 1.826035e+02
1.977485e+02 -5.239352e+01 8.708292e+00 1.858346e+02
2.010096e+02 -5.179244e+01 7.391124e+00 1.887567e+02
2.039993e+02 -5.112366e+01 6.080740e+00 1.913594e+02
2.067206e+02 -5.038786e+01 4.779538e+00 1.936333e+02
2.091818e+02 -4.958586e+01 3.489890e+00 1.955702e+02
2.113994e+02 -4.871852e+01 2.214146e+00 1.971632e+02
2.133994e+02 -4.778686e+01 9.546210e-01 1.984065e+02
2.152216e+02 -4.679196e+01 -2.864016e-01 1.992956e+02
2.169213e+02 -4.573502e+01 -1.506676e+00 1.998274e+02
2.185684e+02 -4.461730e+01 -2.703998e+00 1.999999e+02
2.202401e+02 -4.344020e+01 -3.876208e+00 1.998125e+02
2.220107e+02 -4.220518e+01 -5.021194e+00 1.992659e+02
2.239419e+02 -4.091380e+01 -6.136900e+00 1.983621e+02
2.260797e+02 -3.956768e+01 -7.221320e+00 1.971042e+02
2.284558e+02 -3.816854e+01 -8.272510e+00 1.954969e+02
2.310906e+02 -3.671820e+01 -9.288586e+00 1.935459e+02
2.339960e+02 -3.521854e+01 -1.026773e+01 1.912582e+02
2.371775e+02 -3.367150e+01 -1.120819e+01 1.886421e+02
2.406359e+02 -3.207912e+01 -1.210829e+01 1.857070e+02
2.443685e+02 -3.044350e+01 -1.296643e+01 1.824635e+02
2.483697e+02 -2.876678e+01 -1.378106e+01 1.789231e+02
2.526313e+02 -2.705122e+01 -1.455075e+01 1.750987e+02
2.571434e+02 -2.529910e+01 -1.527412e+01 1.710041e+02
2.618944e+02 -2.351272e+01 -1.594989e+01 1.666539e+02
2.668711e+02 -2.169452e+01 -1.657685e+01 1.620638e+02
2.720592e+02 -1.984693e+01 -1.715388e+01 1.572503e+02
2.774430e+02 -1.797242e+01 -1.767998e+01 1.522309e+02
2.830062e+02 -1.607353e+01 -1.815419e+01 1.470234e+02
2.887312e+02 -1.415283e+01 -1.857569e+01 1.416467e+02
2.945999e+02 -1.221291e+01 -1.894371e+01 1.361201e+02
3.005934e+02 -1.025640e+01 -1.925762e+01 1.304636e+02
3.066925e+02 -8.285956e+00 -1.951685e+01 1.246974e+02
3.128773e+02 -6.304246e+00 -1.972094e+01 1.188423e+02
3.191274e+02 -4.313968e+00 -1.986954e+01 1.129194e+02
3.254224e+02 -2.317824e+00 -1.996238e+01 1.069500e+02
3.317415e+02 -3.185288e-01 -1.999929e+01 1.009556e+02
3.380640e+02 1.681200e+00 -1.998021e+01 9.495773e+01
3.443689e+02 3.678642e+00 -1.990517e+01 8.897803e+01
3.506356e+02 5.671084e+00 -1.977432e+01 8.303800e+01
3.568433e+02 7.655814e+00 -1.958786e+01 7.715901e+01
3.629719e+02 9.630140e+00 -1.934615e+01 7.136223e+01
3.690012e+02 1.159138e+01 -1.904960e+01 6.566851e+01
3.749118e+02 1.353687e+01 -1.869875e+01 6.009834e+01
3.806846e+02 1.546398e+01 -1.829421e+01 5.467178e+01
3.863012e+02 1.737009e+01 -1.783670e+01 4.940836e+01
3.917439e+02 1.925264e+01 -1.732704e+01 4.432700e+01
3.969961e+02 2.110908e+01 -1.676612e+01 3.944601e+01
4.020418e+02 2.293692e+01 -1.615494e+01 3.478295e+01
4.068661e+02 2.473368e+01 -1.549460e+01 3.035460e+01
4.114557e+02 2.649698e+01 -1.478626e+01 2.617690e+01
4.157983e+02 2.822444e+01 -1.403118e+01 2.226488e+01
4.198834e+02 2.991376e+01 -1.323071e+01 1.863263e+01
4.237023e+02 3.156272e+01 -1.238627e+01 1.529321e+01
4.272485e+02 3.316910e+01 -1.149936e+01 1.225864e+01
4.305183e+02 3.473080e+01 -1.057158e+01 9.539843e+00
4.335112e+02 3.624578e+01 -9.604566e+00 7.146608e+00
4.362313e+02 3.771204e+01 -8.600060e+00 5.087545e+00
4.386881e+02 3.912768e+01 -7.559854e+00 3.370064e+00
4.408990e+02 4.049088e+01 -6.485810e+00 2.000346e+00
4.428917e+02 4.179988e+01 -5.379856e+00 9.833219e-01
4.447075e+02 4.305302e+01 -4.243976e+00 3.226505e-01
4.464031e+02 4.424874e+01 -3.080210e+00 2.070999e-02
4.480495e+02 4.538552e+01 -1.890655e+00 7.858692e-02
4.497243e+02 4.646196e+01 -6.774544e-01 4.960730e-01
4.515008e+02 4.747676e+01 5.572012e-01 1.271666e+00
4.534391e+02 4.842868e+01 1.811079e+00 2.402574e+00
4.555840e+02 4.931662e+01 3.081906e+00 3.884728e+00
4.579654e+02 5.013954e+01 4.367378e+00 5.712792e+00
4.606026e+02 5.089652e+01 5.665156e+00 7.880189e+00
4.635063e+02 5.158674e+01 6.972874e+00 1.037912e+01
4.666809e+02 5.220944e+01 8.288144e+00 1.320058e+01
4.701265e+02 5.276402e+01 9.608556e+00 1.633444e+01
4.738394e+02 5.324996e+01 1.093169e+01 1.976939e+01
4.778132e+02 5.366684e+01 1.225510e+01 2.349309e+01
4.820392e+02 5.401434e+01 1.357636e+01 2.749214e+01
4.865067e+02 5.429224e+01 1.489301e+01 3.175213e+01
4.912034e+02 5.450044e+01 1.620260e+01 3.625774e+01
4.961156e+02 5.463896e+01 1.750270e+01 4.099276e+01
5.012284e+02 5.470788e+01 1.879088e+01 4.594013e+01
5.065258e+02 5.470742e+01 2.006470e+01 5.108207e+01
5.119907e+02 5.463786e+01 2.132178e+01 5.640005e+01
5.176056e+02 5.449966e+01 2.255972e+01 6.187495e+01
5.233517e+02 5.429332e+01 2.377616e+01 6.748706e+01
5.292100e+02 5.401946e+01 2.496880e+01 7.321618e+01
5.351609e+02 5.367878e+01 2.613530e+01 7.904169e+01
5.411844e+02 5.327212e+01 2.727342e+01 8.494263e+01
5.472600e+02 5.280038e+01 2.838094e+01 9.089776e+01
5.533671e+02 5.226458e+01 2.945568e+01 9.688565e+01
5.594850e+02 5.166582e+01 3.049552e+01 1.028847e+02
5.655930e+02 5.100530e+01 3.149836e+01 1.088735e+02
5.716701e+02 5.028432e+01 3.246220e+01 1.148302e+02
5.776959e+02 4.950424e+01 3.338504e+01 1.207336e+02
5.836499e+02 4.866654e+01 3.426502e+01 1.265624e+02
5.895122e+02 4.777274e+01 3.510024e+01 1.322956e+02
5.952630e+02 4.682448e+01 3.588898e+01 1.379126e+02
6.008832e+02 4.582348e+01 3.662952e+01 1.433931e+02
6.063543e+02 4.477152e+01 3.732022e+01 1.487175e+02
6.116584e+02 4.367042e+01 3.795954e+01 1.538665e+02
6.167785e+02 4.252214e+01 3.854600e+01 1.588216e+02
6.216987e+02 4.132866e+01 3.907820e+01 1.635651e+02
6.264039e+02 4.009202e+01 3.955482e+01 1.680798e+02
6.308804e+02 3.881434e+01 3.997468e+01 1.723495e+02
6.351158e+02 3.749780e+01 4.033660e+01 1.763588e+02
6.390995e+02 3.614460e+01 4.063956e+01 1.800933e+02
6.428225e+02 3.475704e+01 4.088260e+01 1.835395e+02
6.462784e+02 3.333742e+01 4.106488e+01 1.866851e+02
6.494634e+02 3.188810e+01 4.118560e+01 1.895187e+02
6.523774e+02 3.041148e+01 4.124410e+01 1.920302e+02
6.550246e+02 2.890998e+01 4.123984e+01 1.942104e+02
6.574156e+02 2.738608e+01 4.117234e+01 1.960516e+02
6.595690e+02 2.584226e+01 4.104122e+01 1.975471e+02
6.615146e+02 2.428102e+01 4.084622e+01 1.986916e+02
6.632962e+02 2.270490e+01 4.058716e+01 1.994808e+02
6.649736e+02 2.111644e+01 4.026398e+01 1.999120e+02
6.666197e+02 1.951818e+01 3.987674e+01 1.999837e+02
6.683121e+02 1.791270e+01 3.942554e+01 1.996955e+02
6.701221e+02 1.630255e+01 3.891066e+01 1.990486e+02
6.721072e+02 1.469029e+01 3.833242e+01 1.980451e+02
6.743091e+02 1.307848e+01 3.769128e+01 1.966888e+02
6.767562e+02 1.146965e+01 3.698778e+01 1.949845e+02
6.794659e+02 9.866330e+00 3.622256e+01 1.929384e+02
6.824483e+02 8.271032e+00 3.539638e+01 1.905578e+02
6.857075e+02 6.686244e+00 3.451008e+01 1.878513e+02
6.892431e+02 5.114426e+00 3.356460e+01 1.848287e+02
6.930517e+02 3.558006e+00 3.256100e+01 1.815007e+02
6.971267e+02 2.019384e+00 3.150040e+01 1.778794e+02
7.014596e+02 5.009168e-01 3.038402e+01 1.739779e+02
7.060399e+02 -9.950784e-01 2.921318e+01 1.698101e+02
7.108556e+02 -2.466330e+00 2.798932e+01 1.653910e+02
7.158931e+02 -3.910614e+00 2.671390e+01 1.607366e+02
7.211376e+02 -5.325762e+00 2.538850e+01 1.558637e+02
7.265734e+02 -6.709656e+00 2.401482e+01 1.507897e+02
7.321836e+02 -8.060244e+00 2.259458e+01 1.455329e+02
7.379508e+02 -9.375530e+00 2.112960e+01 1.401122e+02
7.438564e+02 -1.065359e+01 1.962178e+01 1.345472e+02
7.498816e+02 -1.189255e+01 1.807310e+01 1.288578e+02
7.560067e+02 -1.309065e+01 1.648558e+01 1.230646e+02
7.622118e+02 -1.424615e+01 1.486135e+01 1.171883e+02
7.684765e+02 -1.535742e+01 1.320255e+01 1.112503e+02
7.747804e+02 -1.642291e+01 1.151143e+01 1.052717e+02
7.811026e+02 -1.744113e+01 9.790254e+00 9.927413e+01
7.874222e+02 -1.841070e+01 8.041370e+00 9.327919e+01
7.937185e+02 -1.933031e+01 6.267162e+00 8.730844e+01
7.999707e+02 -2.019874e+01 4.470060e+00 8.138337e+01
8.061584e+02 -2.101488e+01 2.652536e+00 7.552530e+01
8.122611e+02 -2.177766e+01 8.170988e-01 6.975531e+01
8.182591e+02 -2.248616e+01 -1.033705e+00 6.409416e+01
8.241329e+02 -2.313952e+01 -2.897300e+00 5.856224e+01
8.298638e+02 -2.373700e+01 -4.771086e+00 5.317946e+01
8.354334e+02 -2.427794e+01 -6.652440e+00 4.796517e+01
8.408244e+02 -2.476178e+01 -8.538722e+00 4.293815e+01
8.460203e+02 -2.518806e+01 -1.042727e+01 3.811650e+01
8.510053e+02 -2.555642e+01 -1.231543e+01 3.351756e+01
8.557652e+02 -2.586660e+01 -1.420052e+01 2.915788e+01
8.602868e+02 -2.611846e+01 -1.607987e+01 2.505316e+01
8.645582e+02 -2.631190e+01 -1.795081e+01 2.121816e+01
8.685694e+02 -2.644700e+01 -1.981068e+01 1.766670e+01
8.723125e+02 -2.652386e+01 -2.165682e+01 1.441155e+01
8.757815e+02 -2.654276e+01 -2.348658e+01 1.146442e+01
8.789735e+02 -2.650400e+01 -2.529736e+01 8.835925e+00
8.818894e+02 -2.640806e+01 -2.708656e+01 6.535522e+00
8.845344e+02 -2.625544e+01 -2.885162e+01 4.571491e+00
8.869202e+02 -2.604678e+01 -3.058996e+01 2.950899e+00
8.890666e+02 -2.578280e+01 -3.229912e+01 1.679579e+00
8.910049e+02 -2.546434e+01 -3.397660e+01 7.621064e-01
8.927806e+02 -2.509230e+01 -3.562000e+01 2.017832e-01
8.944549e+02 -2.466768e+01 -3.722696e+01 6.257143e-04
8.961014e+02 -2.419156e+01 -3.879510e+01 1.593580e-01
8.977977e+02 -2.366514e+01 -4.032220e+01 6.774089e-01
8.996141e+02 -2.308968e+01 -4.180602e+01 1.552914e+00
9.016065e+02 -2.246654e+01 -4.324440e+01 2.782722e+00
9.038152e+02 -2.179712e+01 -4.463528e+01 4.362407e+00
9.062668e+02 -2.108294e+01 -4.597660e+01 6.286285e+00
9.089779e+02 -2.032558e+01 -4.726642e+01 8.547430e+00
9.119572e+02 -1.952671e+01 -4.850288e+01 1.113771e+01
9.152080e+02 -1.868803e+01 -4.968416e+01 1.404779e+01
9.187290e+02 -1.781135e+01 -5.080854e+01 1.726721e+01
9.225158e+02 -1.689851e+01 -5.187436e+01 2.078438e+01
9.265612e+02 -1.595144e+01 -5.288010e+01 2.458664e+01
9.308560e+02 -1.497211e+01 -5.382428e+01 2.866030e+01
9.353890e+02 -1.396254e+01 -5.470550e+01 3.299071e+01
9.401476e+02 -1.292483e+01 -5.552248e+01 3.756229e+01
9.451175e+02 -1.186109e+01 -5.627404e+01 4.235857e+01
9.502837e+02 -1.077349e+01 -5.695906e+01 4.736230e+01
9.556298e+02 -9.664250e+00 -5.757654e+01 5.255546e+01
9.611386e+02 -8.535612e+00 -5.812558e+01 5.791938e+01
9.667921e+02 -7.389858e+00 -5.860540e+01 6.343474e+01
9.725716e+02 -6.229296e+00 -5.901526e+01 6.908169e+01
9.784579e+02 -5.056258e+00 -5.935456e+01 7.483992e+01
9.844312e+02 -3.873098e+00 -5.962282e+01 8.068870e+01
9.904713e+02 -2.682190e+00 -5.981966e+01 8.660698e+01
9.965578e+02 -1.485917e+00 -5.994476e+01 9.257346e+01
1.002670e+03 -2.866722e-01 -5.999794e+01 9.856666e+01
1.008787e+03 9.131460e-01 -5.997914e+01 1.045650e+02
1.014889e+03 2.111138e+00 -5.988838e+01 1.105470e+02
1.020953e+03 3.304908e+00 -5.972580e+01 1.164909e+02
1.026961e+03 4.492066e+00 -5.949162e+01 1.223756e+02
1.032892e+03 5.670234e+00 -5.918620e+01 1.281797e+02
1.038725e+03 6.837050e+00 -5.880998e+01 1.338823e+02
1.044441e+03 7.990170e+00 -5.836352e+01 1.394631e+02
1.050021e+03 9.127272e+00 -5.784746e+01 1.449018e+02
1.055447e+03 1.024606e+01 -5.726258e+01 1.501789e+02
1.060701e+03 1.134428e+01 -5.660970e+01 1.552755e+02
1.065767e+03 1.241969e+01 -5.588980e+01 1.601731e+02
1.070628e+03 1.347011e+01 -5.510394e+01 1.648541e+02
1.075271e+03 1.449339e+01 -5.425326e+01 1.693017e+02
1.079681e+03 1.548742e+01 -5.333900e+01 1.735000e+02
1.083847e+03 1.645015e+01 -5.236250e+01 1.774337e+02
1.087758e+03 1.737959e+01 -5.132518e+01 1.810887e+02
1.091407e+03 1.827378e+01 -5.022858e+01 1.844519e+02
1.094787e+03 1.913085e+01 -4.907428e+01 1.875111e+02
1.097896e+03 1.994896e+01 -4.786396e+01 1.902555e+02
1.100735e+03 2.072636e+01 -4.659942e+01 1.926750e+02
1.103309e+03 2.146138e+01 -4.528246e+01 1.947609e+02
1.105631e+03 2.215238e+01 -4.391502e+01 1.965058e+02
1.107722e+03 2.279782e+01 -4.249908e+01 1.979034e+02
1.109617e+03 2.339624e+01 -4.103670e+01 1.989487e+02
1.111363e+03 2.394624e+01 -3.953000e+01 1.996379e+02
1.113023e+03 2.444654e+01 -3.798120e+01 1.999684e+02
1.114675e+03 2.489590e+01 -3.639250e+01 1.999392e+02
1.116393e+03 2.529320e+01 -3.476622e+01 1.995503e+02
1.118247e+03 2.563738e+01 -3.310472e+01 1.988032e+02
1.120290e+03 2.592750e+01 -3.141038e+01 1.977004e+02
1.122558e+03 2.616268e+01 -2.968568e+01 1.962461e+02
1.125077e+03 2.634216e+01 -2.793306e+01 1.944453e+02
1.127863e+03 2.646526e+01 -2.615510e+01 1.923047e+02
1.130922e+03 2.653140e+01 -2.435430e+01 1.898318e+02
1.134259e+03 2.654010e+01 -2.253328e+01 1.870357e+02
1.137872e+03 2.649098e+01 -2.069462e+01 1.839263e+02
1.141756e+03 2.638372e+01 -1.884099e+01 1.805149e+02
1.145904e+03 2.621816e+01 -1.697501e+01 1.768137e+02
1.150307e+03 2.599422e+01 -1.509935e+01 1.728361e+02
1.154955e+03 2.571190e+01 -1.321667e+01 1.685963e+02
1.159834e+03 2.537130e+01 -1.132964e+01 1.641097e+02
1.164931e+03 2.497266e+01 -9.440944e+00 1.593923e+02
1.170231e+03 2.451628e+01 -7.553246e+00 1.544612e+02
1.175717e+03 2.400256e+01 -5.669208e+00 1.493341e+02
1.181374e+03 2.343202e+01 -3.791478e+00 1.440294e+02
1.187181e+03 2.280526e+01 -1.922687e+00 1.385663e+02
1.193122e+03 2.212300e+01 -6.544828e-02 1.329644e+02
1.199178e+03 2.138604e+01 1.777650e+00 1.272439e+02
1.205327e+03 2.059528e+01 3.604048e+00 1.214253e+02
1.211551e+03 1.975170e+01 5.411218e+00 1.155295e+02
1.217829e+03 1.885640e+01 7.196672e+00 1.095779e+02
1.224140e+03 1.791054e+01 8.957956e+00 1.035919e+02
1.230463e+03 1.691539e+01 1.069266e+01 9.759289e+01
1.236779e+03 1.587231e+01 1.239843e+01 9.160255e+01
1.243065e+03 1.478272e+01 1.407296e+01 8.564244e+01
1.249301e+03 1.364816e+01 1.571398e+01 7.973401e+01
1.255467e+03 1.247020e+01 1.731931e+01 7.389850e+01
1.261542e+03 1.125055e+01 1.888680e+01 6.815694e+01
1.267507e+03 9.990940e+00 2.041440e+01 6.252997e+01
1.273343e+03 8.693206e+00 2.190008e+01 5.703786e+01
1.279030e+03 7.359240e+00 2.334194e+01 5.170036e+01
1.284552e+03 5.991008e+00 2.473808e+01 4.653670e+01
1.289890e+03 4.590532e+00 2.608676e+01 4.156544e+01
1.295028e+03 3.159902e+00 2.738626e+01 3.680448e+01
1.299951e+03 1.701261e+00 2.863496e+01 3.227096e+01
1.304646e+03 2.168080e-01 2.983130e+01 2.798119e+01
1.309098e+03 -1.291208e+00 3.097388e+01 2.395061e+01
1.313298e+03 -2.820492e+00 3.206128e+01 2.019372e+01
1.317234e+03 -4.368704e+00 3.309228e+01 1.672405e+01
1.320901e+03 -5.933466e+00 3.406566e+01 1.355409e+01
1.324293e+03 -7.512364e+00 3.498036e+01 1.069523e+01
1.327407e+03 -9.102948e+00 3.583536e+01 8.157781e+00
1.330246e+03 -1.070275e+01 3.662982e+01 5.950861e+00
1.332817e+03 -1.230926e+01 3.736288e+01 4.082417e+00
