-10.000000 -40.000000 20.000000
-9.956615 -40.055555 20.029517
-9.913230 -40.111110 20.059034
-9.869845 -40.166665 20.088550
-9.826460 -40.222220 20.118067
-9.783075 -40.277776 20.147584
-9.739690 -40.333331 20.177101
-9.696305 -40.388886 20.206618
-9.652919 -40.444441 20.236134
-9.609534 -40.499996 20.265651
-9.566149 -40.555551 20.295168
-9.522764 -40.611106 20.324685
-9.479379 -40.666661 20.354202
-9.435994 -40.722217 20.383718
-9.392609 -40.777772 20.413235
-9.349224 -40.833327 20.442752
-9.305839 -40.888882 20.472269
-9.262454 -40.944437 20.501786
-9.219069 -40.999992 20.531303
-9.175684 -41.055547 20.560819
-9.132299 -41.111102 20.590336
-9.088914 -41.166657 20.619853
-9.045529 -41.222213 20.649370
-9.002143 -41.277768 20.678887
-8.958758 -41.333323 20.708403
-8.915373 -41.388878 20.737920
-8.871988 -41.444433 20.767437
-8.828603 -41.499988 20.796954
-8.785218 -41.555543 20.826471
-8.741833 -41.611098 20.855987
-8.698448 -41.666654 20.885504
-8.655063 -41.722209 20.915021
-8.611678 -41.777764 20.944538
-8.568293 -41.833319 20.974055
-8.524908 -41.888874 21.003571
-8.481523 -41.944429 21.033088
-8.438138 -41.999984 21.062605
-8.394753 -42.055539 21.092122
-8.351368 -42.111094 21.121639
-8.307982 -42.166650 21.151155
-8.264597 -42.222205 21.180672
-8.221212 -42.277760 21.210189
-8.177827 -42.333315 21.239706
-8.134442 -42.388870 21.269223
-8.091057 -42.444425 21.298740
-8.047672 -42.499980 21.328256
-8.004287 -42.555535 21.357773
-7.960902 -42.611091 21.387290
-7.917517 -42.666646 21.416807
-7.874132 -42.722201 21.446324
