-10.000000 -40.000000 20.000000
-10.061088 -40.057021 20.054790
-10.122176 -40.114041 20.109581
-10.183264 -40.171062 20.164371
-10.244351 -40.228082 20.219161
-10.305439 -40.285103 20.273951
-10.366527 -40.342124 20.328742
-10.427615 -40.399144 20.383532
-10.488703 -40.456165 20.438322
-10.549791 -40.513185 20.493112
-10.610879 -40.570206 20.547903
-10.671966 -40.627227 20.602693
-10.733054 -40.684247 20.657483
-10.794142 -40.741268 20.712273
-10.855230 -40.798288 20.767064
-10.916318 -40.855309 20.821854
-10.977406 -40.912330 20.876644
-11.038494 -40.969350 20.931434
-11.099581 -41.026371 20.986225
-11.160669 -41.083391 21.041015
-11.221757 -41.140412 21.095805
-11.282845 -41.197433 21.150595
-11.343933 -41.254453 21.205386
-11.405021 -41.311474 21.260176
-11.466109 -41.368494 21.314966
-11.527196 -41.425515 21.369756
-11.588284 -41.482536 21.424547
-11.649372 -41.539556 21.479337
-11.710460 -41.596577 21.534127
-11.771548 -41.653597 21.588917
-11.832636 -41.710618 21.643708
-11.893724 -41.767639 21.698498
-11.954811 -41.824659 21.753288
-12.015899 -41.881680 21.808078
-12.076987 -41.938700 21.862869
-12.138075 -41.995721 21.917659
-12.199163 -42.052742 21.972449
-12.260251 -42.109762 22.027239
-12.321339 -42.166783 22.082030
-12.382426 -42.223803 22.136820
-12.443514 -42.280824 22.191610
-12.504602 -42.337845 22.246400
-12.565690 -42.394865 22.301191
-12.626778 -42.451886 22.355981
-12.687866 -42.508907 22.410771
-12.748954 -42.565927 22.465561
-12.810041 -42.622948 22.520352
-12.871129 -42.679968 22.575142
-12.932217 -42.736989 22.629932
-12.993305 -42.794010 22.684722
